2631
21696
2648
2649
21713
21714
2787
2788
2789
2790
21813
21814
21815
21816
21817
21818
21819
2792
2795
21821
21824
2799
21827
2803
21829
21841
2829
2870
21874
21875
2884
21888
2886
21889
2949
21954
2957
21962
2959
21964
2961
21966
2962
21968
2964
21969
2971
21972
21973
2974
21976
2977
22012
2983
2984
2985
2986
2987
2988
2989
2990
2991
22018
22019
22021
3140
22143
3146
22154
3149
22157
3213
3214
3215
3216
22171
22172
22173
22174
3232
22188
3236
22192
3238
22194
3259
3260
3261
22214
22215
22216
3274
22230
3275
22231
